-0.656313390657315	0.113437678920995	0.40223930673553	-0.159191781871184	0.757110115080492	0.633594705018502
-0.870778152437943	-1.96764177537148	0.37635953408225	0.0328293820743326	0.0265404021337777	0.999108521997083
-1.17748487807979	0.948736646755183	0.347130158719438	0.0910266490771069	0.00938991693292869	0.995804186885045
0.291190340727876	-0.100734282844688	0.439504363116541	0.206551387931008	-0.902779599176124	-0.377260545850174
-0.453040808189398	-0.908006104024592	0.315074805458836	0.081928968431318	0.00944174341117056	0.996593446503206
-0.922710524213214	0.94613991976364	0.315236652363286	0.0293128010195249	0.0797160805850642	-0.996386524493655
-2.07414824443136	-0.433397336486709	0.573374447202013	-0.0884259437141284	0.0964956589682306	0.991397720533264
2.61114313364962	0.818559865170485	0.526910765810424	0.258968947045672	0.0728586724707115	-0.963133790452739
-1.10324006175582	-1.79699018928106	0.327463626319696	-0.0188011910378188	0.0604308544109388	0.997995304122581
-1.9068181875906	1.13778963215315	0.348302733859408	-0.197545601809391	0.0123769868505703	-0.980215560681561
2.54340406302975	0.800591844055081	0.534789486787655	0.0169102890730531	0.00238448318115731	0.99985416754816
-2.80840765840858	-0.537826576319576	0.335216242924537	0.028081774838418	-0.132122256326862	0.990835568247842
2.27679303402925	1.31623699292246	0.531301567291807	-0.00552216644598836	0.144987396623036	0.989418091859158
2.80813632545547	0.202686917027426	0.522138931670158	0.121757489644799	0.0219205981548762	0.992317792389076
-1.14303721529065	-0.456642405290225	0.427854395998112	0.0728179782212157	-0.342040195979052	0.936859672727131
-0.990343587582039	-1.09666802690776	0.346583132206081	-0.0121234928599327	0.0262895740802071	0.999580851765157
-0.747018191599027	-1.72916530866774	0.329448191511081	0.0395279856496625	-0.0658379169276526	-0.99704709369473
2.65284651736841	0.571661098297953	0.555777618277239	0	0	1
-1.13377867101859	0.138525011586291	0.309873918794829	-0.035836113188557	0.17172112873372	0.984493589079154
-0.453767921288291	-1.36156678707394	0.319878671169847	0.0865162399281419	0.0295614573749349	0.995811759554268
-1.70219161831343	-0.470721138480677	0.325087369309148	-0.0772519760279452	0.379511937927271	0.921955975722521
1.80448955782872	0.366265339265171	0.604407645345312	-0.00516046292742259	0.926128609903959	-0.377172596485661
-0.829601411261402	-0.00605559756325962	0.328938238962413	-0.0302982635047548	0.142372883757234	0.98934926957028
-1.51757595549602	0.611798405947237	0.346943497740661	0.00200416794835322	-0.0397859498155619	0.999206215707303
-1.28862830308919	-0.0736703400331967	0.327076478626154	0.0560791326430205	-0.232225708026882	0.971043949269764
-0.655320401479587	-1.37522815839533	0.311705709590385	0.0601689095131184	-0.0604178581016466	-0.996358060513594
2.48381304546041	0.503567446348659	0.724490780351009	0.205434562819314	-0.977886811893914	0.039166612352807
-1.3134110862335	-0.524002422750717	0.412553054099068	0.128992042008229	-0.611093590928501	0.780977385219737
-0.378509769520806	-0.625628477302264	0.312968717799129	0.106526375926606	-0.116484842374928	0.987463119680341
-1.86986065253343	0.769135716525444	0.339842095791735	-0.0867849318742858	-0.0681516384324651	0.993893218499123
-2.20083304290976	-0.367633938984207	0.299378879574614	-0.20011971028031	0.941508731824782	-0.271133563866622
-1.82958744769806	0.876129236869625	0.350695264774414	-0.0867849318742858	-0.0681516384324651	0.993893218499123
-1.34894589592958	-0.918929146033848	0.287919457983789	-0.0859739468516015	-0.0503892597183224	-0.995022312798963
-0.346871283557792	-0.483850035146936	0.33486587437709	0.127873585770052	-0.2105904015496	0.969174921692409
0.327680662336613	0.230550467551916	0.439326481607772	-0.178500079191502	0.90874255049718	-0.377259457992118
-0.931398538870357	-0.489784231392233	0.325115724718133	0.0371075694186739	-0.171451513725269	0.984493477242563
-0.411834309513603	-0.783918997892735	0.294879491421011	-0.0511489299221317	0.0427399858949518	0.997776067348541
-1.27383612708942	-2.00425472156006	0.365124044575961	-0.105756534316199	0.018596547728172	0.994218147019064
-0.910115382405952	-0.0600200020168909	0.565354820924915	-0.19101962789164	0.89274769617315	0.408060109221267
-1.18280710982997	-1.67133615852068	0.364708390454754	-0.0143513723905756	0.0371607068272572	0.999206244965776
-1.2043382972865	1.32414492488174	0.339369089289106	0.0889291167733636	0.00415652251970361	0.996029284464294
2.09129163895208	0.888713172631146	0.532954823966084	-0.099583462104286	0.0203319885222673	0.994821463539089
-0.78950604757425	0.116780447433353	0.384488182095586	0.0190653482582392	0.20682077277327	0.978193069105102
0.134676547548599	0.0599700920295552	0.30535445439644	0.0264778160168109	-0.1329656613029	0.990766904056278
-1.00617221601424	-0.0123726085878939	0.438296726672718	-0.203457703101369	0.95385861553176	0.220813732871279
-1.72041161289634	-0.267239736300333	0.555558924386087	-0.084968756813104	0.388923518330253	0.917343342078228
-1.11218702139589	0.649726803338674	0.344331581972385	0.090153778596617	0.0176492334950976	0.995771460106077
-1.22839127383718	0.994653614117883	0.310976137707192	-0.0111678010458322	-0.0681025602477353	0.997615818593262
-2.1711552527899	-0.47986420516295	0.262531188877078	1.06068560098768e-06	0.000175083004380283	0.999999984672408
0.287555408612365	-0.105649737101396	0.404360096623276	0.981039473804752	0.193318146712799	-0.0137711651077435
2.63194682090192	-0.116053332592356	0.504801988959299	-0.00501311979795077	0.0273314150447233	0.999613856637424
-1.17791327622509	0.771363715762434	0.348841853406263	0.0910266490771069	0.00938991693292869	0.995804186885045
-1.28573733031277	-0.469741369419156	0.464316880332251	0.20864303257726	-0.962169592129016	0.175207765065499
-1.13144474056063	-1.92964529630851	0.374864803351258	-0.013235680393087	0.0366613591122383	0.999240092026223
-0.449673535631539	-0.34186951739025	0.409684005085363	0.162078402353474	-0.749961042743868	0.641318193923325
-1.74583215345786	1.12391411241228	0.36770829015923	0.00282026557762333	-0.0388758677966886	0.999240067754054
2.59678634494563	0.540165116453944	0.761671720401418	-0.00121479419039723	-0.00125022953583412	0.999998480599437
-0.974194243066076	-2.02090418410453	0.379412940607339	-0.0043477104674089	0.025149250695375	0.999674253246102
-2.63992585174453	-0.725602952695121	0.435851997620644	0.19967151641767	-0.939379622961003	-0.278742191813711
-0.80382760742162	0.388033404278332	0.327586698167436	0.0467202926913768	0.157191901740919	0.986462325827959
-1.41373285123867	1.56863144654769	0.361151412484912	0.0757823351650717	0.0184789279263173	0.996953141777297
-1.10381794112762	-2.13816137663885	0.35231600160473	-0.0414430349188538	-0.183104148456935	-0.982219601552817
-1.28823901579733	-1.25372987488608	0.300710559385561	-0.170101390390459	-0.0834660710606725	-0.981885396555488
0.76121680353785	0.0343916840415063	0.500116701846632	0.161557550198216	-0.707582811882624	0.687914037000431
2.75843265103145	0.751220102089895	0.506710006223473	-0.208068701467851	0.978113739133982	-0.000963735867518989
-1.38415997355159	0.833988545205098	0.355442008106327	0.00279805614878616	-0.03876137864145	0.999244577872506
-1.35046344861282	-0.0718882646662277	0.33107372823014	0.0560791326430205	-0.232225708026882	0.971043949269764
2.53676584518504	1.11122885468272	0.504903221453948	0.301512173477321	0.0587064741432993	0.951653276744553
2.5211622354862	-0.0532317592997073	0.502531733405535	-0.00504503887388662	0.0272180404711724	0.999616789502693
2.15625812850647	0.908168447131207	0.504158014970173	0.127684850304298	-0.040433483778654	0.990990268565888
-0.651346499103944	-1.00685188502405	0.291641106098335	-0.0329250965744689	0.0370617397549379	0.99877042680583
-2.86449334494972	-0.691662603950785	0.389729228781082	-0.148866295644575	0.700360061693888	0.698093553906062
-1.2955174539485	-0.609569696544244	0.317973165516852	0.0370927578023361	-0.171524022248715	0.984481405162251
-0.22448103534089	-0.370876269038972	0.34194838950356	0.137819310051523	-0.203942856850452	0.969233278894508
0.318234908883823	0.0820965628409679	0.333215065929198	0.0138338516904168	-0.12947439734942	0.991486260610006
-1.09003057877798	0.29813668611249	0.286116825382435	-0.0203932838151247	0.0989566822062417	0.994882751394338
1.05342319495053	0.142466755585995	0.369833977333748	0.137121652974807	-0.381933904080023	-0.913960691277064
2.46743649746593	0.210907327381107	0.496362414029716	-0.00306262192454373	0.009692006063483	0.999948341348398
-2.12575891766981	-0.594585664724549	0.517699708153177	-0.0126712497599328	0.0864051506353676	0.996179496563346
-1.52798701575196	1.42694797409367	0.340526226257284	-0.0117520140561928	0.0651222035367418	-0.997808092156073
1.11758190612228	0.37797706245489	0.444663585628018	-0.155331376973446	0.94763728899694	-0.279026399880126
-1.79015629476004	-0.407328726908882	0.262518085027311	1.06068560098768e-06	0.000175083004380283	0.999999984672408
-1.32615480196822	0.671856096091921	0.29324933299781	0.0114722355587104	-0.0561687649246986	0.998355376435726
2.64502445465338	0.96094976216999	0.502343537457049	-0.0340534054244473	-0.0302894433791186	0.998960917753433
1.68535613569578	0.416980910294955	0.541279631687216	-0.02098962424706	0.0934779878024838	0.995400071062066
2.64240883443388	-0.065879471311444	0.503488039614534	-0.00504503887388662	0.0272180404711724	0.999616789502693
-0.887228456477471	-0.0267469040523969	0.33015640233275	-0.0308750149889415	0.150317315084587	0.988155573902811
-2.06183983353146	-0.669800613880397	0.481146546815426	0.211201979826035	-0.974291554309173	0.0784199650559697
-0.764378485137141	0.033883706967165	0.520504945178125	-0.171495827946985	0.808885977368041	0.562399019037309
0.534751914376479	-0.0293376976487804	0.405673130216063	0.225493169775556	-0.900064227332406	-0.372876946271946
-1.07274509481915	-2.23498938543901	0.369055493483686	-0.0414430349188538	-0.183104148456935	-0.982219601552817
-0.749132466775712	-1.82729591976107	0.364703063191941	0.059790418769813	0.0338579087543546	0.997636581044477
-1.26724015758932	0.535659036792445	0.287874291578037	0.00632403672945289	-0.0332615475616444	0.999426673655076
0.0478412213589708	-0.14147562171438	0.351992017320871	0.135515384441425	-0.591523120324159	-0.794818204812688
-0.662003481586824	-2.11268793403329	0.360995934276859	0.0388920800078994	-0.111647271980325	-0.992986552160708
-1.3056230363687	1.08784326364124	0.357531992329737	0.0908317962555843	0.00908380089626316	0.995824818605291
-0.587345635288355	-1.44815845110922	0.334125751925117	0.0880494152126853	0.0284771544917036	0.995708969605457
-0.897209954315489	0.158316554499477	0.377359755997037	-0.0248921935134821	0.188796071270194	0.981700780367942
2.65070333152981	0.576020626778879	0.672873582051994	-0.0570472583368986	0.994090116450656	0.0923604389950795
-1.68741477786166	-0.261828881697216	0.556321225053863	-0.084968756813104	0.388923518330253	0.917343342078228
-0.952442837961661	1.06368017389187	0.316774246675497	0.0302268880015153	0.0803786170313448	-0.996305983704741
2.34846979993012	1.05173486769127	0.536276809371033	0.0117414668740719	0.00411182380819606	0.99992261243589
-0.969434997114792	1.04549960576704	0.314791975117717	0.0302268880015153	0.0803786170313448	-0.996305983704741
-0.876292782062727	-0.673067459602492	0.353491529411813	0.0371938321558107	-0.183059416033717	0.982398019669706
2.14435783719273	0.482815153619878	0.653719505704927	-0.209702775534976	0.97587611419288	0.0607499438743207
-1.54306426987006	0.762689727693784	0.353002744893214	0.00200416794835322	-0.0397859498155619	0.999206215707303
-1.62910807539583	1.05156110668362	0.364567692830454	0.00279805614878616	-0.03876137864145	0.999244577872506
-0.747971529997542	0.495793707044811	0.315997807519025	0.0786862871981323	0.0246975660686036	0.996593446916675
-1.1962238064243	-2.18607275633176	0.369255480646292	-0.132183545422593	-0.113601186504004	-0.984694003609444
-0.244962447505293	-0.399625563286172	0.338811395372181	0.137819310051523	-0.203942856850452	0.969233278894508
2.56029047245554	1.13415506558649	0.504871319682351	-0.0319623277787795	-0.0374924442275105	0.998785625762009
-1.68788716105924	0.135362487964004	0.341220356069851	-0.115240924992011	0.164257846391727	0.979662640456263
-1.28999069396623	-1.42666655286783	0.352315278540727	-0.0547578071504197	0.029758300637734	0.998056123722124
-0.782175675152543	0.128558597814236	0.32554981089522	-0.0561237549091576	0.162428968167524	0.985122811853898
-1.37646327963397	-0.0984385832500534	0.47331496186771	-0.200004356622646	0.94414671003533	0.261887852451052
0.268810523834814	-0.0885898163678228	0.352202349408049	0.405720477270955	-0.474444120558315	-0.781212948427428
-2.66966144904432	-0.460706101260034	0.355270854045023	0.0865628953774768	-0.407245968183126	0.909207119716105
2.25005406174162	0.449454093834427	0.624713412635336	0.206959211229411	-0.977161284377119	0.0482048669924523
-1.13793865196818	1.13394860521696	0.334777115733941	0.0920198223562379	0.00979715366156872	0.995708977600211
-0.896426056853012	0.11127337130429	0.323267076172563	-0.035836113188557	0.17172112873372	0.984493589079154
-1.1263384498118	0.0897466332022101	0.318652956971515	-0.035836113188557	0.17172112873372	0.984493589079154
-1.34677219801871	-1.03905491952289	0.295534894307569	-0.170635904835354	-0.0662371330717907	-0.983105299641625
-0.336950036336197	-0.276997461766805	0.329448902766839	-0.0696324301632077	0.301171973337842	0.951024062337729
-1.21527900286513	-0.064497608422366	0.474049237444389	-0.200004356622646	0.94414671003533	0.261887852451052
-1.58895300746479	-0.292836101916453	0.587826872580915	-0.000183428369830178	0.000708440936263237	0.999999732232701
-0.921565874619801	0.00491799185208004	0.483169798642308	0.13665543649983	-0.643744644331115	0.752939655331054
0.219521145432813	0.0699384369058219	0.306247651782977	0.0717483696604042	0.143441707519221	-0.987054531419133
2.47953543229573	1.10783742807115	0.502161237087206	0.00646193165510176	-0.0269174714219386	0.999616773154359
-0.576057883683706	-0.61163967029847	0.337337710713843	0.127873585770052	-0.2105904015496	0.969174921692409
-1.30481610223823	1.19146189382932	0.356520760566915	0.0908933544749248	0.00884123750514906	0.995821384903775
1.70291639587806	0.234299781146424	0.496371832256296	0.216679207162804	-0.933793016278081	-0.284746771594662
-0.866717978539794	-2.11317500504925	0.376595427174673	0.0551999057652569	-0.0460400792585612	0.997413295231907
-1.75413987046558	0.742416192598754	0.314566839026579	-0.189344031928253	0.00706395712474916	-0.981885399668868
-1.68371710884239	1.52217993643808	0.347460647520937	0.00286067863846977	-0.0570691747080084	0.998366128139308
-0.560254700076706	-0.993940185707713	0.295547231143214	-0.0549395757031179	0.0398488539086559	0.99769419756944
-1.3400324182183	-1.31794678700186	0.344203489497492	-0.1381086183222	0.0120580998234615	0.990343683664303
-1.68228996064652	1.64934410854337	0.372090606578307	0.0059431937112463	0.0819617526444769	0.996617754985308
2.17579311656518	1.16481819016942	0.534686814332083	-0.0338604934857601	0.00836504482255126	0.999391561404246
1.89317796290984	0.355340229678732	0.412451723128778	0.110274860661539	-0.184342731806164	-0.976656138226919
2.26628926652533	0.570748300342301	0.540688226028644	0.007884716226553	0.0335638755708029	0.999405472021589
-1.92534566102638	1.20208766417969	0.363237551549417	-0.089049395319164	-0.0600047407611079	0.994218102973127
2.47935426594996	1.28888718779247	0.52800473210086	0.0650433666960616	0.0659885945991396	0.995698180088561
-0.700462537138599	0.00860414048183005	0.330783426008509	-0.0302982635047548	0.142372883757234	0.98934926957028
2.6027797120055	0.46113196783595	0.494154969928376	-0.00281562068574123	0.0105553006817044	0.999940327173413
-2.19767805970342	-0.306518751231736	0.523770415703657	0.108508757327563	-0.510492905390586	0.853008114339545
1.60247148783163	0.21557207508152	0.45856879696813	0.237147881978	-0.93679520125035	-0.257246249705735
-0.977248714323649	-2.2504361034699	0.371825037014435	0.00931554389170671	-0.157134307207549	-0.987533305838545
-1.88456371064549	-0.629812497342473	0.491112275346709	0.140485885762999	-0.632773531450748	0.761486292586239
-1.8216437551344	1.39443871376111	0.378380290475708	0.00662842310291503	-0.0341802358670168	0.999393703944168
-1.4144969338958	0.833985776688353	0.355526849404221	0.00279805614878616	-0.03876137864145	0.999244577872506
-1.92590035370492	-0.612079094899615	0.391584985596404	0.217293746047763	-0.974925379495005	0.0479992952557802
2.32714036458054	0.312131161872989	0.494951605119062	-0.00306262192454373	0.009692006063483	0.999948341348398
-1.03307996777089	0.801929915614211	0.33522385615841	0.0922032699029368	0.00902395559929676	0.995699314675142
1.90777490338286	0.376850461097962	0.604655781222485	-0.171147251965956	0.975783843295861	-0.136214937900587
-1.43440708827576	0.361129149238512	0.283119830943374	0.00826723864377875	-0.0351594130150102	0.999347521356633
-0.273670152487719	0.195616256783554	0.349039552584498	-0.0659712490717355	0.147989554838773	0.986786139928271
-1.45767208330136	1.29538773807985	0.331111756064669	-0.0117520140561928	0.0651222035367418	-0.997808092156073
-1.12330452643998	-1.01867333149089	0.286908734266157	-0.0077512798978127	0.032957519249423	0.999426695453383
-1.17937839434257	1.1888851543307	0.319990374631396	0.0302268880015153	0.0803786170313448	-0.996305983704741
1.34790276961912	0.158125958837443	0.501115084060045	0.155505424924155	-0.748373531237172	0.644790757193962
2.69870355272659	-0.285249072496271	0.514219184936801	-0.0211303504975802	0.215571321852398	0.976259449881362
2.20144973580847	0.270501992718708	0.54074573588212	-0.0242898463897725	-0.0316848962245775	0.999202717527129
-0.760389361897832	-0.730091954922252	0.340262323384232	0.0410684468872231	-0.12418672482593	0.99140861406752
-0.401011688674766	-1.0360895701727	0.306196127378928	0.0589067700512755	-0.0606362408646517	-0.99642021192664
-1.7262330330017	0.824909417679472	0.310592041054301	-0.101680840689941	0.0293689136526892	-0.994383464035604
2.26847821414379	0.482702422940456	0.898890418319832	-0.188876191576519	0.88859152395188	0.418008238933667
-1.50308424132978	-0.354408846660269	0.262506609182805	4.8096661543659e-05	9.50553038231333e-06	0.999999998798178
2.89394831505361	-0.148735878115257	0.516960606015666	0.105792357477536	-0.0285789746361544	0.993977474245816
-1.48434667849306	-0.233638745623545	0.262504492714706	4.79243858985981e-05	1.03722801180106e-05	0.999999998797835
-1.01593206044856	-1.44821741235744	0.30871701949095	-0.0138206029631413	0.0543071881369706	0.998428625516312
2.25119384421417	1.28595183983027	0.509362341222048	0.0776767762324485	-0.120464280942617	0.989674024844096
-1.79638469880604	0.634023142818743	0.338086215169032	-0.121263786223343	-0.0671903213389017	0.990343654934566
-1.24056863393129	1.04168600446875	0.352020192545961	0.0910266490771069	0.00938991693292869	0.995804186885045
2.55915287731822	0.0945937229473946	0.498927205684118	-0.00586235205944963	0.023019055451599	0.999717838149569
2.52461689181929	1.09275435319304	0.531402326850289	0.0873699254827002	0.0218728814797866	0.99593577763675
0.230945099412337	0.0619311531983025	0.59801823898433	5.04978318024155e-07	-2.37573327495773e-06	0.99999999999705
-2.05753126922931	-0.403175815895802	0.262529096619243	7.23260084429956e-05	-0.000160193566459315	0.999999984553485
-1.61056886293021	-0.0185928839018014	0.375537696772843	-0.107511766206236	0.1611963892293	0.981048900018063
-0.459452339877097	-1.23267380788548	0.314730095745369	0.05920190777121	-0.0609010547515341	-0.996386569382787
2.32871333114029	0.472698129037476	0.774395707718034	0.207896309345799	-0.977741536069506	0.0282951092035206
1.43515697127449	0.245386439335667	0.383536401967802	0.150138685537141	-0.392959311266477	-0.907216266826249
1.02093747884815	0.356678504714678	0.483286958974955	-0.192792522345176	0.946273815320437	0.259609148079739
1.40885399867272	0.21212072151454	0.53160325081026	0.0655425210481299	-0.322671372283048	0.944239039355835
-0.933933027929574	-0.217614577938766	0.661114991429943	0.00792980411442376	-0.0411869871696655	0.999119987936681
-0.861352901260177	0.827973937289032	0.307592862043565	0.0291508921987534	0.0793541247496469	-0.996420166580963
0.8275841108414	0.130012099961052	0.348242423964115	-0.0498901684477545	0.121608353199416	0.991323549364374
-0.524298870702679	-0.337460135450634	0.422115011473126	0.0764781813928726	-0.369654579149524	0.926016511669542
-0.164080780966957	0.0872970924514832	0.331125959053711	0.0853958228796006	-0.40083754550024	0.912160520715548
-1.40888261112064	1.40457034074965	0.33914390539707	0.0241955131491405	0.0845259271380389	-0.996127474164278
-1.61573457474792	1.19612693366149	0.370150572497475	0.00282026557762333	-0.0388758677966886	0.999240067754054
-2.43537940448484	-0.578241426729848	0.263580191907523	-0.588723703628612	-0.125135478696285	-0.798589702386189
-0.289945398753837	0.109519175533684	0.503430470023572	-0.160383451915124	0.75804804321006	0.632171110172861
1.37568518288258	0.163346870784273	0.438002875508987	0.242326169429301	-0.93569721825217	-0.256415177719404
-2.10904061187037	-0.259083050332139	0.507263791440946	0.0454302340960594	-0.229935985907022	0.972144812368478
-0.485958006102708	-1.07509612328965	0.32131949238546	0.0879023291095622	0.0292581714690546	0.995699322054304
-0.658869120391226	-2.00154215547365	0.361473854867935	0.0767467257281707	0.0139416248672792	0.996953143927068
-1.12706775562612	-0.417800642460081	0.327569845837579	0.0268739906630997	-0.150874968103661	0.988187498719529
-1.95219590570689	-0.30148410344866	0.327214390428099	0.0863058149793495	-0.404524564841073	0.910445595706241
-1.70028579296218	-0.139015221121413	0.421803459686561	-0.0998540840680334	0.354331447280053	0.929773298908587
-1.22735729288131	-0.357569511603025	0.287577791009561	0.201248885379867	-0.942696813848444	-0.26612328589087
0.798954174684079	0.31361435013963	0.476015219673414	-0.188887343092163	0.959879920730198	0.207248906869426
-1.98058895381779	-0.616578887670404	0.403242604326042	0.145764430031217	-0.670770090715228	0.727200258759277
-1.24275734188943	-0.166172017989242	0.292254013051772	-0.199579903551838	0.943051900426711	-0.266122105808231
1.64844762968934	0.225777815074154	0.51104809973209	0.143523150954106	-0.751043651785157	0.644464536071164
-1.14333695795629	-0.368712707309545	0.581415189113999	0.188608634167347	-0.89326068101719	0.408058989444215
2.84325785420551	0.296023351237646	0.503459407114945	-0.0411345016644833	-0.000591863273009719	0.999153442905884
-1.77600164636901	-0.231701199148246	0.539123850988644	0.0435070206458683	0.780517433000001	0.623618213282461
2.80870249115796	0.584735332984569	0.481055961054349	0.0939911232152009	-0.0481952997050866	-0.994405793347505
-0.63348735335336	-0.205424962822375	0.654612346321404	0.137731416051329	-0.644442912320062	0.752145856727891
-2.52649311394824	-0.483377903714241	0.315884751403039	-0.588723256810658	-0.125138032280821	-0.798589631642645
-0.613448233312474	-2.00484561346828	0.355016458019805	0.0565335251194185	-0.0675414045226602	-0.99611350719317
-1.12615247072077	-2.12030892659647	0.352262255734361	-0.132183545422593	-0.113601186504004	-0.984694003609444
-1.19180618645909	-1.01719970923936	0.286328859347236	-0.0077512798978127	0.032957519249423	0.999426695453383
-0.248092436076887	0.119828430200329	0.501945284557534	-0.168683606413856	0.756020318483377	0.63243902391259
0.397508922645707	-0.0590183525761528	0.397251418356825	0.213109673700778	-0.908190379837457	-0.360242280896961
-0.974847872444043	-1.13798682200729	0.34785987899106	-0.0143513723905756	0.0371607068272572	0.999206244965776
-0.782884581799794	-0.922120140400205	0.342368205500996	0.0108350200581052	0.0251812859992556	0.999624181968286
-1.10320493918265	-1.15234101791301	0.346678517617715	-0.0121234928599327	0.0262895740802071	0.999580851765157
-0.307140111093805	-0.106737603949528	0.306479022852966	-0.0280804934075699	0.132108550186168	0.99083743210362
1.08872915065591	0.369869571381355	0.485549461753982	-0.192792522345176	0.946273815320437	0.259609148079739
-1.71582639315744	-0.211084597031702	0.525858065020447	-0.148866517683523	0.700360866794389	0.698092698841489
0.305631688904812	0.120594335898146	0.568248633982797	0.589303944728445	0.124248171535867	0.798300227105998
-1.63228962657633	1.28572432989577	0.332520612609668	0.00740392080614014	-0.0628541920190181	0.997995256753424
-1.10261008221072	0.69417225041918	0.342676759159854	0.090153778596617	0.0176492334950976	0.995771460106077
-0.667568052740163	-0.133415769722193	0.302082019003248	0.0280827295902117	-0.132119004327786	0.990835974818334
2.31993545524406	0.19351965313369	0.496079180916709	-0.00306262192454373	0.009692006063483	0.999948341348398
2.50861295067213	0.589286033412924	0.467312919275852	-0.0382415124784921	0.529081117664929	-0.847709123257375
-1.59779994713646	0.780194436051857	0.302312602583437	0.00946314290572883	-0.0552340520558497	0.998428589544509
-0.967817623718061	-1.87009609086828	0.334441570198776	-0.0188011910378188	0.0604308544109388	0.997995304122581
-0.646373940830758	-1.08152939338875	0.294725601007721	-0.0370374361548465	0.0577215289276815	0.997645454769041
-1.38996195790908	0.341573182420484	0.282064127305738	0.00826723864377875	-0.0351594130150102	0.999347521356633
-1.39818620841151	-0.460381309921706	0.328441824004435	0.0268739906630997	-0.150874968103661	0.988187498719529
1.53928792247795	0.201619639390911	0.507204755047053	0.143523150954106	-0.751043651785157	0.644464536071164
-1.55979010786711	0.0756701448322004	0.36506912611036	-0.0699130043783606	0.176975686666587	0.981728973876029
-1.13960173212066	-1.8440165808426	0.371615105458643	-0.013235680393087	0.0366613591122383	0.999240092026223
-0.975244831991676	-1.18600848910524	0.294631775662168	-0.0123653810135723	0.055978274284564	0.998355412746639
-0.0394685723409232	0.184102702986	0.395873760432234	-0.201215143323928	0.943128744924743	-0.264614127729057
-1.12306175054125	-2.16271993301624	0.378941177309246	-0.0201211219754248	-0.0302591672624114	0.999339543522138
-0.78831284634532	-0.504540548616828	0.317152690554295	0.0371075694186739	-0.171451513725269	0.984493477242563
-1.7430359705765	1.56441024670957	0.37943781009975	0.0059431937112463	0.0819617526444769	0.996617754985308
-1.2154221055142	0.81312349379693	0.351604542946565	0.0261490379701092	-0.0258524104406023	0.999323711660865
-1.14751374934241	-0.0400006751593815	0.327338577359199	0.0607858891935533	-0.285914557372114	0.956325227920741
-0.364025472473832	-0.159565025889347	0.635274201162246	0.346084936691323	-0.666350614291463	0.660455960249246
-1.49567004597754	-0.724533330037316	0.332609473033971	0.223944091820186	-0.131922914833892	0.965632118500913
-0.955586325538158	-2.11619690721539	0.348724311389809	-0.0210826903914151	0.0433723203282235	0.99883650413629
2.14117169432373	0.748596751314474	0.499878769222755	0.0991577101357329	-0.0384822664143083	0.994327342323571
2.40388379533833	0.625207531520653	0.49430151846147	0.0017212171042238	-0.0107887392410028	0.999940318477693
-1.51406533021256	1.58485890667662	0.352487469091619	-0.00988155629692586	0.117814243847013	-0.992986484697504
-0.988046726577771	-0.282201537267862	0.310576534247528	-0.0280828332570194	0.132118555762658	0.99083603169215
-0.4706402741959	-1.11897286089961	0.307123583579456	0.0589067700512755	-0.0606362408646517	-0.99642021192664
2.04645436801311	0.455053307752041	0.756907785976486	0.248272416210309	-0.965533615466919	-0.0781386252277047
2.12717097468396	0.359782440811867	0.458976173983801	0.200851271616188	-0.725193417597738	-0.658599479018222
-1.77076045151361	0.22834148011547	0.322024442949129	-0.0931810370739392	-0.0475690705169667	0.99451218085048
-1.70661110506021	1.31928893497087	0.335185902304506	0.00740392080614014	-0.0628541920190181	0.997995256753424
-0.388809797245821	-0.273075564518268	0.50200714894795	0.817596555185574	-0.375302129194054	0.436674002856928
2.0229864169476	0.433722254123102	0.80849941636357	0.376422226280622	-0.898959661042388	-0.224004096794
-1.12834969679548	-0.507606955529641	0.393866270645349	0.0371938321558107	-0.183059416033717	0.982398019669706
-1.19428566212595	-0.16476416689952	0.635306200072406	-0.182033445443305	0.857884887078893	0.48051778870472
-2.68022238364562	-0.437009272059306	0.500288116586812	-0.148866303371895	0.700360143710081	0.698093469975749
-2.15045555928712	-0.626825037137859	0.4627118764988	0.134073790534219	-0.63076659881697	0.764302110757689
-1.02547876020835	-2.16434784383235	0.35411887311905	-0.0373695349196193	-0.18177498778937	-0.982629824335729
-1.24908801283242	-0.267589653469057	0.0199394387792293	0.207911891793909	-0.9781475580148	-6.01526643405919e-07
2.57665098335959	0.372509781557996	0.495016886595746	-0.00281562068574123	0.0105553006817044	0.999940327173413
-1.41580533194139	-0.226779379464502	0.262501136765493	4.79243858985981e-05	1.03722801180106e-05	0.999999998797835
2.37422637615368	1.10669212212986	0.502811157337602	0.00646193165510176	-0.0269174714219386	0.999616773154359
-0.628231409533136	-0.335022632011008	0.439280422418055	0.202101927105577	-0.954147189920115	0.220812026456351
2.32440552468051	0.781720399685666	0.496085346518464	0.00114429579487613	-0.0101003781299785	0.999948335139754
-0.725692659783375	-0.94713928315184	0.287276000035074	-0.00674800680891874	0.035481685984372	0.999347544332708
-0.849756293695064	-1.67990369588186	0.367617755426765	0.0135994283137796	0.0327879034447002	0.999369805896315
-0.927096342363644	-1.88019771135821	0.375144055059684	-0.00784689309638386	0.0339206264339773	0.999393724900782
-1.60077207877826	0.0691336831497098	0.319772400074778	0.150925136748343	0.211603471151692	0.965632214714303
-1.47720158308832	0.27538890929134	0.338078410585679	0.00125933848183985	-0.0248550020121125	0.999690273505532
-2.14456900823334	-0.447425160515596	0.547574539906101	-0.0280826537858406	0.132118335910387	0.99083606609399
-0.416641835275744	-0.456416984537073	0.3216170907301	-0.00545176615034773	-0.171900514601893	0.985099229177166
2.40446574089437	0.490754130346821	0.827854481224267	0.211876605701242	-0.977202601096631	0.0135418007111204
-1.1422364721096	-0.823087671149606	0.281339343262713	0.0215644392475377	-0.0977320111288957	0.994979109811176
-1.27785471176639	-0.0177160018399049	0.404877742330901	-0.157079817654506	0.759887712734115	0.630790452465272
-0.472720601542877	-1.41049772936459	0.322977835813584	0.0865162399281419	0.0295614573749349	0.995811759554268
-0.77218998018064	0.139229838854339	0.379404178237483	0.0190653482582392	0.20682077277327	0.978193069105102
2.67754752553153	0.781978279963167	0.500238340155957	-0.035734778581136	-0.0173297213001493	0.999211041952308
-2.24273208668569	-0.60443587571106	0.370763972935078	-0.148866334811959	0.700360137027285	0.698093469975746
-0.898802572163078	-0.0258411146254832	0.329666238805437	-0.0302982635047548	0.142372883757234	0.98934926957028
-1.19482514273286	-2.19405003762513	0.369988041514715	-0.132183545422593	-0.113601186504004	-0.984694003609444
-1.31621964967564	-0.957088720734129	0.339803508990162	-0.00895885522115055	0.0232177612466234	0.999690289277545
-0.71495164018296	-1.46239114941899	0.352661414983524	0.0869761893545194	0.0284453248828478	0.995804200622631
0.544027068791521	0.0423500878551187	0.534826041441612	0.082816734950805	-0.373273897868188	0.924017308053468
-2.73329640140793	-0.699086290061254	0.514919757066772	0.148866418254483	-0.700360684189585	0.698092903242525
2.1588830427968	1.28526225691668	0.529926720206338	-0.0431677635967094	0.124574502235798	0.991270769052917
-1.1005813863256	0.23930530447753	0.355963895522954	-0.0404787267797552	0.182360549976643	0.982398138480782
-0.69409746762858	-0.431605536509028	0.385896110747772	0.101538779832282	-0.181186111600623	0.978192961103901
2.14250526147236	0.431497061057551	0.718837518183596	0.207896309345799	-0.977741536069506	0.0282951092035206
-1.1092708130404	-0.676321545935817	0.299325837952691	0.0370927578023361	-0.171524022248715	0.984481405162251
-1.98334452721767	-0.513646215481703	0.271273415243179	0.200128038855834	-0.941506573089276	-0.271134912715801
-2.04427543422826	-0.583694810000714	0.566572147375587	0.0660589591875251	-0.310782565695753	0.948182688499756
-2.09473533975121	-0.599612209529962	0.474238669592337	0.199671639681053	-0.939379995511812	0.278740847992017
-0.493122810887197	-1.50518213784422	0.327561163435746	0.0865162399281419	0.0295614573749349	0.995811759554268
2.47098438010279	0.719429383463911	0.536207861927874	0.0169102890730531	0.00238448318115731	0.99985416754816
-1.44057369052024	0.525774548216655	0.344427337365275	-0.00038227801327834	-0.0289484148616069	0.999580833720075
-1.1575413831897	0.913972777547393	0.306239711769227	-0.0103578015500409	-0.0677964098812729	0.997645409328515
-1.21215787937219	-0.453257382179813	0.467219442892391	0.20864303257726	-0.962169592129016	0.175207765065499
-1.68245654824061	1.18740269760215	0.369999469106578	0.00282026557762333	-0.0388758677966886	0.999240067754054
-1.60903759105507	0.850419086266004	0.30630401013886	0.00946314290572883	-0.0552340520558497	0.998428589544509
-0.0333248353572035	0.00324662821900128	0.598018233016139	5.04978318024155e-07	-2.37573327495773e-06	0.99999999999705
-0.906012805057318	0.593607947821364	0.290795925802459	-0.0339816462264873	-0.0587504109161125	0.997694160019455
-1.13959282811087	-0.414421523130024	0.505027159882142	0.15425301145944	-0.701273604335058	0.69600383642521
0.0287635318885868	0.00467573471983683	0.598018210183559	-2.52489177731443e-07	1.18786672554645e-06	0.999999999999263
-1.12830328036942	0.662230805597657	0.291181014959488	0.00826723864377875	-0.0351594130150102	0.999347521356633
-1.60258533945633	1.2966892572661	0.3329034637434	-0.0117520140561928	0.0651222035367418	-0.997808092156073
-1.47479598552018	0.101405365030187	0.303922825312631	-0.0358791229564091	0.171781325598178	0.984481520756795
2.25514286861263	0.993687078027851	0.53774143011061	0.0132475130910022	0.00768938059598937	0.999882681529665
-0.549768992702185	-0.326807665234438	0.501040905375919	0.171536091626089	-0.806473922626893	0.565840243701735
-0.338138645912049	-0.423481521148609	0.327111743181327	-7.4737254809785e-05	-0.162028877400912	0.986786013937441
2.47010898277619	0.499316812052892	0.690243470893882	0.205434562819314	-0.977886811893914	0.039166612352807
-1.3485926915284	0.748870867842383	0.352040640864751	0.00279805614878616	-0.03876137864145	0.999244577872506
0.681063828498668	0.00396151862227442	0.487400495420056	0.156090633072334	-0.708556891362065	0.688173558029081
2.74774263301037	-0.108242088766877	0.505173125902207	-0.00504503887388662	0.0272180404711724	0.999616789502693
-1.40906541713735	0.206818221937474	0.348587326647861	-0.0315000688044889	0.131144603014849	0.99086267401966
2.59862214933588	-0.148545786662576	0.505523271655052	-0.00501311979795077	0.0273314150447233	0.999613856637424
2.43555435398165	1.072216189229	0.501511241011902	0.00625078970719107	-0.0258207351105648	0.999647046345052
-1.35854928088191	0.101429719204022	0.370665863435516	-0.0437968816675643	0.186104056871043	0.981553418399802
-0.832736889001945	0.00527325105342266	0.53115718545283	-0.00459896820799405	0.0161679969990186	0.99985871270118
-2.1477499468287	-0.520873883127259	0.539747703963054	0.0865630343933718	-0.407246556199972	0.909206843100004
1.70083960919067	0.264672277474753	0.534998981155961	0.0453473080463541	-0.32586652262938	0.944327607921311
-0.0803009650735311	-0.213909949698121	0.450704690188255	0.228786210116049	-0.963701779648592	0.137607230779752
-1.54160753585251	0.561930831218506	0.290484738133151	0.00632403672945289	-0.0332615475616444	0.999426673655076
-0.973951569794806	-1.35630871655921	0.355947557629334	-0.0132093743108067	0.0365476118892946	0.999244606938415
-1.59046285127125	0.1667143343564	0.297369136804034	-0.165576727714106	-0.139838004060912	-0.976232390294314
-1.74746112075375	1.39227721502619	0.377814352925854	0.00662842310291503	-0.0341802358670168	0.999393703944168
-1.91134203025815	1.23686726965718	0.366589458268928	-0.0884167486127458	-0.0600627016651116	0.994271064867845
-1.01748958848869	-0.628687014106288	0.36710709915766	0.0371938321558107	-0.183059416033717	0.982398019669706
-1.52999147647	-0.0356631624727139	0.387172880710339	-0.107511766206236	0.1611963892293	0.981048900018063
-2.46853544195189	-0.467822007784997	0.270720549173642	-0.588723256810658	-0.125138032280821	-0.798589631642645
-0.383723658974634	0.314176803489336	0.326509420253637	0.0429531355653047	0.242366552786428	0.969233450844291
-1.77072738317755	-0.414290571388668	0.587825316955475	0.000120776191718668	-0.000722727324724851	0.999999731539127
-1.2751721480734	-1.73558984370804	0.359919889482081	-0.105202277007275	0.018906752549557	0.994271097649185
-0.843522274157027	-0.281449022464544	0.611780184953642	0.182637956332273	-0.857757087125135	0.480516551633109
-1.37687778216106	-0.191501092676454	0.303080293360829	-0.199579903551838	0.943051900426711	-0.266122105808231
-0.45135777814404	-1.15469395729178	0.320603863895411	0.0879022199038424	0.0292582702832022	0.995699328791584
-1.20502636904477	-0.0441890244157723	0.329741991634586	0.0607858891935533	-0.285914557372114	0.956325227920741
0.00836302900946738	-0.113041281356117	0.549281712233093	0.0890417975204221	-0.375193813899745	0.922659829138397
-1.25621556853506	-0.525855856774173	0.396405694399821	0.192111002710806	-0.91020616691903	0.366903388291816
-0.771170872393912	0.378997722160185	0.327464465215421	0.0499380119201377	0.149742031870025	0.987463173418078
-1.43912819183582	0.179862546766765	0.291532801458405	-0.0358791229564091	0.171781325598178	0.984481520756795
2.68948100398471	0.301533629932873	0.497146551452475	-0.0411096071186266	-0.00075106800061131	0.99915436049662
-1.31229495524258	-1.38199917274648	0.315781649279369	-0.170101390390459	-0.0834660710606725	-0.981885396555488
2.32428497124095	0.52507300354642	0.584394119877025	-0.207687222153577	0.975903704521105	0.0669176901582378
2.43659747057016	0.940237271492802	0.498352358075072	0.00400721690552836	-0.0234139746585462	0.999717824190087
2.16868443920022	0.439193969486195	0.796235243552532	0.211876605701242	-0.977202601096631	0.0135418007111204
-1.79747137668123	-0.319582765579556	0.58780757282265	-0.000183428369830178	0.000708440936263237	0.999999732232701
1.85195290508109	0.51585424371064	0.486496606187614	-0.157285104185203	0.916714660170413	-0.367281401421437
0.215751573976872	-0.140850563112075	0.492222068831536	0.131117114030425	-0.649724494441837	0.74877659133458
2.58237545238154	-0.154157613148955	0.505595231962752	-0.00501311979795077	0.0273314150447233	0.999613856637424
-0.886221123088765	-0.779489052605023	0.33953225283212	-0.00895885522115055	0.0232177612466234	0.999690289277545
-2.17046470936305	-0.310072260174004	0.394386885509208	0.148866511104151	-0.700360966415935	0.698092600299284
-0.681992339481123	-0.89413565983076	0.286448244436537	-0.0329250965744689	0.0370617397549379	0.99877042680583
-1.14109135586115	-1.72045566195368	0.322116210086585	-0.0188011910378188	0.0604308544109388	0.997995304122581
-0.431746643547353	-0.656496359741839	0.315070559168111	0.106526375926606	-0.116484842374928	0.987463119680341
-1.12611276624561	0.653325588501506	0.290849587000937	0.00826723864377875	-0.0351594130150102	0.999347521356633
-1.0360699602659	-1.8483847894908	0.373146727258991	-0.013235680393087	0.0366613591122383	0.999240092026223
-1.95338801791419	-0.620202951716648	0.505388574358908	0.040423197700501	-0.176611098495634	0.983450296138972
1.9748971260847	0.431921996329675	0.737967810232742	0.379315607736724	-0.894493353775299	-0.236645958721329
-0.967008509700919	-1.47042469116219	0.360213159665317	-0.0132093743108067	0.0365476118892946	0.999244606938415
2.5188537260267	0.626206018123878	0.490953319383416	-0.106306904387348	0.750201225011319	-0.652607817966577
-2.23276131024481	-0.39069448894819	0.530996058951641	-0.086562807660243	0.407245489505599	0.909207342473278
-0.996224028368846	-1.37405264447242	0.356302118410726	-0.0132093743108067	0.0365476118892946	0.999244606938415
-2.3018155301615	-0.51703631572315	0.544994062107474	0.0280827596933619	-0.132118834165488	0.990835996654722
2.38097807210008	0.481312501802928	0.70822797543573	0.205434562819314	-0.977886811893914	0.039166612352807
-0.854373605282086	-0.823860911679863	0.340641193231943	0.0105034084565549	0.0253065016056591	0.999624559215747
1.95525252886243	0.488142570021164	0.433838103487082	-0.045819119688709	0.560887164941885	-0.826623370389688
2.91183043246031	0.0242446409679837	0.514425781439647	0.112846305380979	0.0134391008487634	0.993521565910997
-2.19821617725549	-0.629238046179523	0.523871794176367	-0.131253497187655	0.562966810081002	0.815990741505828
-1.27853867386788	-1.70181406383967	0.337629148543747	-0.176463235390262	-0.0868831987876013	-0.980465214234567
-0.797104669894102	-0.0344078566374731	0.565499754535307	-0.18436333996779	0.809667625182436	0.55717905165876
-1.31418435974349	-1.682313185547	0.342316570703511	-0.176463235390262	-0.0868831987876013	-0.980465214234567
-0.661529533093258	-0.394008715493582	0.401992171602311	0.162515992447015	-0.756404267158285	0.633593826377514
2.58964503522936	0.918061339122646	0.528662718589396	0.255929168916761	0.0723476985076061	-0.963984476544217
0.48798141194317	0.240957495161628	0.386441690203027	-0.156073445428477	0.936465001305679	0.314124785653152
-2.03418606881465	-0.630851398360868	0.38017545483139	0.151090330360826	-0.65948149239536	-0.736380250454509
-0.662043570481762	-0.819042860630524	0.331582439276263	0.0895382422353076	0.0205450129320863	0.995771462546016
-0.198967590038204	-0.0383481077832288	0.30147782607198	0.0280809976051457	-0.132109266955875	0.990837322247139
-1.36706849019158	-0.808000784566689	0.345725043017164	-0.0109365857033262	-0.136647878378702	0.990559310908617
-0.507097192599101	-1.27340153806735	0.31622392415357	0.207574030796613	-0.978216119099738	0.00249921433521388
-1.42855224483847	-0.384600094405734	0.626152812835721	-0.231446540543813	-0.687269661111885	0.688544052174917
-2.08033862957984	-0.42525220221972	0.57665946743622	0.159178725451091	-0.741904704822535	0.65133673497351
-0.832952080388564	-0.457004864804809	0.327113669116651	0.0371075694186739	-0.171451513725269	0.984493477242563
-1.62539483914996	-0.137348421976309	0.331002585962172	0.0471153575698827	-0.211225082423309	0.976301238161833
2.10866137134754	0.472736492574085	0.698363745781335	-0.210069063926052	0.976901661659521	0.0391679949461166
-1.50963675900326	-0.330706076931028	0.606306179255285	-0.498645346284241	-0.163160543294247	0.851311609072139
-0.760329867232092	-1.51318715253335	0.358075867017734	0.0869761893545194	0.0284453248828478	0.995804200622631
-1.30488049995317	0.188611954959069	0.294898740215336	-0.0358791229564091	0.171781325598178	0.984481520756795
-0.898284968356168	-0.382108732538986	0.528127355773041	0.172334881954218	-0.808708218674775	0.562398173458714
-0.252219028890535	-0.335945432469357	0.341491553369817	-7.4737254809785e-05	-0.162028877400912	0.986786013937441
2.51479049323017	-0.0679938078036942	0.502901523459208	-0.00504503887388662	0.0272180404711724	0.999616789502693
-1.21806000495256	-1.28005886315746	0.296772502144183	-0.0138206029631413	0.0543071881369706	0.998428625516312
-1.06072033792711	-2.19137131330736	0.360458139492572	-0.0373695349196193	-0.18177498778937	-0.982629824335729
2.49228870546712	0.0333227107159716	0.537354525937759	0.0152299735679169	-0.00163698750281611	0.999882677206199
-0.9688453262825	-0.642259486334155	0.299969519891267	0.0370927578023361	-0.171524022248715	0.984481405162251
1.99268341294841	0.583408106230673	0.533193144651954	-0.10194729105925	0.0379382401166342	0.994066114392062
2.89035339381953	0.307609647714405	0.505339832996951	-0.0396936809131919	0.00129615719686573	0.999211054618634
-0.542197245056625	-1.63046497617184	0.335516610820039	0.0865829088533785	0.0291740028632563	0.995817391619278
2.62576972666172	0.69646451862514	0.496920501199487	-0.0366638057640034	-0.0167260665081994	0.99918767208471
-1.36207155999682	0.941886032104787	0.358731416536846	0.0223824866188193	-0.0289338902605204	0.999330703164448
-1.86113277930684	1.51957216583186	0.352731480784797	-0.108073452118192	0.150860574534311	-0.982629745121953
-1.19796986646875	1.1872973487856	0.319298229877826	0.0302268880015153	0.0803786170313448	-0.996305983704741
-1.48804113939781	1.09270923948002	0.3657688453557	0.00279805614878616	-0.03876137864145	0.999244577872506
-1.29522395772724	-0.401641843787687	0.579535305761245	0.188608634167347	-0.89326068101719	0.408058989444215
-0.292822652979999	0.15958545831247	0.422609379946925	-0.0773666303766577	0.392951599441512	0.916298774963995
-0.998710514394891	-0.008814407247462	0.327204178557113	0.0607858891935533	-0.285914557372114	0.956325227920741
2.237017214627	0.959674178917433	0.499845749640744	0.00625078970719107	-0.0258207351105648	0.999647046345052
-2.10617261854506	-0.628672350817244	0.41899017606064	0.10484723812285	-0.475786706605588	0.873289222695104
-1.70796953968696	-0.502712969804262	0.540856862937414	0.353141991581758	-0.540956535482392	0.763319566433716
-1.3277978063642	0.892584586421667	0.35653633292319	0.0223824866188193	-0.0289338902605204	0.999330703164448
-0.151410993245487	0.106826479733261	0.338601534960211	0.0865629597421704	-0.407246401326352	0.909206919577392
-0.677337964707679	-0.201681789969353	0.658196920632181	0.0498761406054527	-0.234267444876588	0.970891927492087
-1.30218897615415	-1.81987655665095	0.352436793185377	-0.155628574003191	-0.0780438419959558	-0.984727833302301
-1.27883869554924	0.910131024836224	0.355773523708659	0.0261490379701092	-0.0258524104406023	0.999323711660865
-0.77612834409566	-0.412922668658029	0.409222580713378	0.165575059305845	-0.758082308532055	0.630790070646785
-0.568205850419747	-1.43531581467888	0.33206594462269	0.0880494152126853	0.0284771544917036	0.995708969605457
-0.598645887136672	-1.30209380686886	0.311886661291736	0.983843179279585	-0.17903239535078	-0
-0.846503814820314	-0.280977822716501	0.32148037857613	-0.0803530691249877	0.382829379211968	0.920317907407204
0.287652566599577	0.209853970394132	0.382108301591572	-0.139527891074761	0.743936385589263	0.653521707220666
-2.40631723196304	-0.35813803646938	0.398349430321912	-0.199671639681053	0.939379995511812	-0.278740847992017
-1.12640490157266	-0.162198268768249	0.649448509173119	-0.140572208328788	0.662373504368191	0.735867375928958
2.51276260883272	1.15135555528849	0.516429647957066	0.967035670114433	0.254640948644009	9.37551651322161e-08
0.48952198788697	0.0680531861029081	0.338829498400436	-0.0498901684477545	0.121608353199416	0.991323549364374
0.258245268048394	0.212635836805966	0.456241109167594	-0.189562497370456	0.938679437238202	0.288005162621868
0.819987528995289	0.290029837801265	0.382073198844621	-0.11781856713701	0.694566362999479	-0.709715684360616
-0.827849318084347	-1.40511529801595	0.358005390640192	0.0133730036076225	0.0342525813231499	0.999323733055115
1.74112075837246	0.432139472663897	0.541031979070815	-0.02098962424706	0.0934779878024838	0.995400071062066
-1.08472960813478	-2.17557154744432	0.379110074506076	5.48226314001147e-05	-0.0607403228337647	0.998153600492694
-1.66503683017747	0.163847040015803	0.34001852132583	-0.104098560511019	0.106604086882201	0.988837225411516
-1.23302714148457	-1.54315775410278	0.31590021606643	-0.0809440764986055	-0.0681865338981509	-0.994383554306257
-1.55378038254996	-0.529476715841509	0.451274107785721	0.195434551754411	-0.968546114439563	0.154025193343746
-1.9849493651511	-0.574112087828654	0.349640333368687	0.144673534915664	-0.687077181561137	-0.712035473044012
-0.367826966668562	-0.450825845669769	0.322619594968408	-7.4737254809785e-05	-0.162028877400912	0.986786013937441
-1.75884499125834	0.554204296207696	0.337267462125374	-0.121263786223343	-0.0671903213389017	0.990343654934566
-0.865230449922037	-0.0444309594304811	0.333533814346109	-0.0308750149889415	0.150317315084587	0.988155573902811
-0.589336342133585	0.474099268200038	0.293518588409652	-0.0293427514382223	-0.0598497987834397	0.997776029238835
-1.38734953117792	0.508291789440764	0.343941381941069	-0.00038227801327834	-0.0289484148616069	0.999580833720075
-0.745968340510958	-0.986513803171511	0.342584129403694	0.0895382422353076	0.0205450129320863	0.995771462546016
-0.75364581178221	-0.220489740530574	0.657578778082676	0.0498761406054527	-0.234267444876588	0.970891927492087
-1.5361456690784	-0.909226522490924	0.320172478077354	0.200138260656749	-0.0974732775885799	0.974906988782741
2.53012686325495	0.517252474019434	0.763715900054962	0.3003095889041	-0.950194599769289	0.0833329069547606
-1.16189763551984	-2.2205310228717	0.370121818865239	-0.0414430349188538	-0.183104148456935	-0.982219601552817
-0.412028562977553	0.11156578508783	0.327510496823768	0.0588855225781394	-0.303457017984199	0.951023834331631
-1.30012926645753	-0.466824289708973	0.325357131100452	-0.0432238778294634	0.234957550504589	0.971044100876097
0.439263455567916	-0.0268701572542972	0.510377710990534	0.155050256590707	-0.714230686378157	0.682520288758468
2.62200670957492	0.736484875404951	0.520234865677294	0.967035020558976	0.254643415407789	1.39886881078951e-06
0.12295321690391	-0.0125150137024157	0.598035584455799	-0.000180078276288307	0.00207667553184655	0.999997827492915
-1.14573281798023	0.986862060639498	0.343869124781763	0.0908317962555843	0.00908380089626316	0.995824818605291
-1.52037625179742	-0.428960188418129	0.318879165735794	0.201248885379867	-0.942696813848444	-0.26612328589087
-0.612557219210638	0.488673083325892	0.305482599630603	0.0786862871981323	0.0246975660686036	0.996593446916675
-1.38603609827759	0.942376652453062	0.309157273445899	0.0114722355587104	-0.0561687649246986	0.998355376435726
-1.8611170047327	1.27437863292051	0.340817127938673	-0.197545601809391	0.0123769868505703	-0.980215560681561
-1.1635932281284	-0.677782251078016	0.363119090431489	0.0356851080467496	-0.187829097277414	0.981553260541497
2.63709434574149	-0.254611945848562	0.532907335103583	0.0427083545546364	-0.11580612967101	0.99235323185943
-1.33092392709324	-0.700465376003152	0.30450510207334	0.126276275097095	-0.155771560066093	0.979688482846552
-1.53300122096095	0.79120144606107	0.354117827784528	0.00200416794835322	-0.0397859498155619	0.999206215707303
-2.93628050871618	-0.615089343051552	0.411051095117292	-0.978147600733806	-0.207911690817759	-0
-0.787659194644157	0.477729910104296	0.287904056877374	-0.0293427514382223	-0.0598497987834397	0.997776029238835
-0.451282726067417	-0.876290163518349	0.31462979788977	0.081928968431318	0.00944174341117056	0.996593446503206
-2.1983776947159	-0.294739247554148	0.427408941964415	-0.193899325467192	0.912223678779956	0.360903049940745
-1.67453858396027	0.900355491670243	0.358747965142025	0.00200416794835322	-0.0397859498155619	0.999206215707303
2.26256484393102	0.57663457234808	0.475717091149004	-0.106306904387348	0.750201225011319	-0.652607817966577
2.39506011385008	0.624045433311257	0.494304168516576	0.0017212171042238	-0.0107887392410028	0.999940318477693
-0.185427038349118	0.0948100530073063	0.549443393780908	-0.146156298752962	0.871994693697524	0.46718689033212
-2.33285594339617	-0.344686464616754	0.481740388424346	-0.148866334811925	0.700360137027292	0.698093469975745
-0.852589504056123	-1.06521947832015	0.346728523772489	0.0108350200581052	0.0251812859992556	0.999624181968286
1.01793306953035	0.175014622464434	0.35458412327527	-0.081423510655862	0.114074738505723	0.990129873272858
2.54161566487685	0.871104515822751	0.496717514645938	0.0017212171042238	-0.0107887392410028	0.999940318477693
-2.86149367786364	-0.659969057135595	0.536374205297558	-0.307679659319059	-0.195183918084389	0.931255316957994
0.495133476755803	0.160092290435481	0.342574289350472	0.0548151654007256	-0.358149311449471	0.932053844126165
-1.97418421872808	1.4830546215514	0.366542132054375	-0.16696165515569	0.0500161984550893	-0.984693955297672
2.91464193478434	-0.15107700348362	0.513475088506351	-0.0448829413000391	0.0317202648997494	0.998488530918081
-1.36496965606589	0.00546662672739841	0.388477036676835	-0.0404787267797552	0.182360549976643	0.982398138480782
2.73192371346445	0.166128988065366	0.526746879683412	0.987002445845499	0.160705232942188	-0
-0.631027543787219	-0.825228974391404	0.285599462154471	-0.0334575712708657	0.036951157324942	0.998756828711074
-2.06555311535687	-0.34426907019546	0.280665032960711	-0.20011971028031	0.941508731824782	-0.271133563866622
2.62690702159196	1.13570535742006	0.507062448256675	-0.0335378547749697	-0.030542917842343	0.998970641443866
0.768383229427	0.0788861275212306	0.360475513736842	-0.124477568939159	0.435767190810429	0.891410281657208
2.39190684305962	0.370504618670899	0.538696656307327	0.0164182982841115	0.00469911030867445	0.999854168288436
-1.02756131927362	-2.23063184199373	0.36665769397781	0.0511612769856726	-0.218762827837806	-0.974435913179313
-0.366161474106548	-0.556625153275853	0.321597851003687	0.127873585770052	-0.2105904015496	0.969174921692409
-0.140646509203893	-0.263045980035686	0.415082838010751	0.148423141868329	-0.393913449628335	0.907084761838627
-0.19618285067223	-0.222402079806885	0.329609130206296	0.0183984108912281	-0.116820634076943	0.992982596992786
-0.305440038915962	0.0878111392920795	0.525529946406916	-0.160383451915124	0.75804804321006	0.632171110172861
-1.60680922992925	0.351437029732662	0.288665872357568	-0.0990366023415312	0.0110645406425778	-0.995022274794396
-0.94056321549114	-1.33206043738824	0.355502043664672	-0.0132093743108067	0.0365476118892946	0.999244606938415
-0.763253289046574	-0.159835247210887	0.661945186038713	-0.00950777957262919	0.0408502931106833	0.999120040675979
-0.756333150891782	0.380154415476352	0.289946831535994	-0.0621641694891744	0.0766570900090525	0.995117735035943
-2.92677070586898	-0.659829447861685	0.460036141794959	-0.978147600733806	-0.207911690817759	-0
1.93207134461809	0.503250924801291	0.447463641570905	-0.104240986703396	0.77264173633994	-0.626225649392218
-2.53032127778076	-0.383726569920332	0.40094228573728	-0.199671639681053	0.939379995511812	-0.278740847992017
-0.941773339274255	0.510955589087182	0.28579002537185	-0.0155354437036988	-0.0473656668018505	0.99875679902434
1.64320988439951	0.349829361371683	0.388607323027142	-0.0389806150239634	-0.114743186608185	0.992630098666846
-1.39955999377508	0.545694715744319	0.345019921664844	-0.00038227801327834	-0.0289484148616069	0.999580833720075
2.69574882029227	0.670009672609456	0.499045441730488	-0.0366638057640034	-0.0167260665081994	0.99918767208471
0.200872067029316	-0.147217040470142	0.388651748883874	0.202648232407453	-0.940303467722147	-0.273428386404632
2.1526259720445	0.769170076546954	0.499532734518911	0.0991577101357329	-0.0384822664143083	0.994327342323571
-1.37819344052102	1.23510964199698	0.362749098632023	0.0767771447507618	0.0111102213446372	0.996986375546624
-0.241646975620053	-0.154021118896862	0.591111378053448	0.196450315739124	-0.654526999066498	0.730069641156926
-1.50967812748745	1.55605596025614	0.368697193690343	0.0872781538714523	0.00907175473886482	0.996142674079747
-0.868488363054373	0.355933073730428	0.286237055973733	-0.0440390482080259	0.0871176090885924	0.995224137779836
-1.03472382814862	0.43835318674404	0.282530321236829	0.00826723864377875	-0.0351594130150102	0.999347521356633
2.67466342054868	0.748275296057757	0.499550671443161	-0.035734778581136	-0.0173297213001493	0.999211041952308
2.38114465051247	1.31968815399946	0.508772957174739	-0.00134130972311329	-0.0895455190717623	0.995981827596465
-1.04911795713075	-0.783025782032635	0.342126744784626	0.021926038786389	-0.125677911207239	0.99182877123913
-1.4737329620347	-0.0620808450706588	0.407546111582154	-0.129881419269505	0.61103004393674	0.78087969773532
-1.493953042448	1.23732061812921	0.369684782172889	0.0257601488890023	-0.0244222646615804	0.999369785273708
-0.469018614072992	0.357766927637517	0.319098584832099	0.0311634956400774	0.244394074508622	0.969175099187224
2.69922422150874	0.570369936650547	0.691523841833069	0.350055512771761	-0.92914180639167	0.118981685957648
-0.508237569676151	-0.0385862825019868	0.655153094519569	-0.0309591100578528	0.238207534885158	0.97072071360838
2.5311465478488	0.504672071684451	0.458257637627116	0.107734290297391	-0.133873667106993	-0.98512494839459
-1.04363736292631	-0.0995826170662327	0.330844208734718	0.0896263947899677	-0.408517062289464	0.908339649677002
-0.776889036145667	-1.1084826692194	0.347117925722341	0.00867934568396864	0.0355354852415395	0.999330725159167
-0.81330909350174	-1.81804021368694	0.369464964717077	0.0882792894970508	0.0192871896743087	0.995909017611731
-0.836318602511237	-0.284736607262985	0.323933211673343	-0.0803530691249877	0.382829379211968	0.920317907407204
-2.59266181015826	-0.486098352224217	0.336566423621328	0.0865628981298116	-0.407245619196556	0.909207275769712
0.164034858506786	0.0805626679188142	0.598034668721141	0.000680020716959484	-0.0019704595432447	0.999997827428146
-1.45506786493572	0.276689033296567	0.338082852703271	0.00125933848183985	-0.0248550020121125	0.999690273505532
-1.23575335556571	1.3068242018482	0.328514994223193	0.0288893598166506	0.0861172699871539	-0.995866065643038
-1.15794112456826	-0.768774496587814	0.287014636089352	0.0215644392475377	-0.0977320111288957	0.994979109811176
-0.965552956255431	1.01612291252903	0.31256080480445	0.0294580196615343	0.0791157566993711	-0.996430088927219
-1.61730751138245	-0.214862528698267	0.541838141715208	-0.0821416818134512	0.389271900401727	0.917453067827715
-1.78892393880876	-0.543985556430879	0.515713110333024	0.148866359736547	-0.700360739217801	0.698092860514333
-0.761903705238988	0.768590910008676	0.306008388687449	-0.0339816462264873	-0.0587504109161125	0.997694160019455
-1.44824661328747	-0.881847641723046	0.304865115358734	0.200138260656749	-0.0974732775885799	0.974906988782741
-1.34412254198801	-0.684292182266443	0.308777884307963	0.126276275097095	-0.155771560066093	0.979688482846552
-1.30320916629748	1.13404291592952	0.319654044397825	-0.0111678010458322	-0.0681025602477353	0.997615818593262
-1.08869446006995	0.0671526563118277	0.388410027076989	-0.0404787267797552	0.182360549976643	0.982398138480782
-0.81759438705607	-1.52345836339763	0.361924457216752	0.0133730036076225	0.0342525813231499	0.999323733055115
1.51791770896008	0.36571669721516	0.542633930392513	-0.0220431860550703	0.102404383721634	0.994498587300723
0.2018029503268	-0.0221591596889623	0.565788936106078	0.0521447637586677	-0.244191330495332	0.968324076806661
-0.786139457352262	-1.00983344578607	0.344613049624656	0.0108350200581052	0.0251812859992556	0.999624181968286
-0.682833954882801	-1.04692372075754	0.338153575263852	0.0895382422353076	0.0205450129320863	0.995771462546016
2.25286533711862	1.35638864880815	0.521442170499742	0.0792263922227559	-0.226903263559264	0.970689490909179
-0.406494140737628	-0.459141118226077	0.321197887148201	-0.00545176615034773	-0.171900514601893	0.985099229177166
-1.43249493800268	0.710844518529795	0.296664840847133	0.0114722355587104	-0.0561687649246986	0.998355376435726
-1.2692995468188	-0.156523488355128	0.590704176406961	-0.184439573981324	0.864399207470929	0.467756404203317
-0.710265565359218	0.733570111263674	0.307128151750455	0.0786862871981323	0.0246975660686036	0.996593446916675
-0.578602539152543	-0.336876748460471	0.494419846471463	-0.136993678369756	0.643671358920153	0.752940843488124
-0.9895449086901	-0.919169163734465	0.341924492810899	-0.0121234928599327	0.0262895740802071	0.999580851765157
-1.15136379514098	1.14869216271618	0.335881201533898	0.0910602356316778	0.0081830122600428	0.995811765243339
-0.388816346748351	-0.966894319809438	0.303897253158056	-0.0511489299221317	0.0427399858949518	0.997776067348541
-0.232373241066432	0.132930965436428	0.490475068325507	-0.168683606413856	0.756020318483377	0.63243902391259
-0.656047761840527	-1.61753624617386	0.332720208233441	0.98384315024664	-0.179032554822653	5.14219509309394e-06
-0.634674946653259	-0.931939670020249	0.289425268748477	-0.0334575712708657	0.036951157324942	0.998756828711074
1.06277948933105	0.0972889265287818	0.407303084371506	0.203724458952728	-0.678174895699893	-0.706098545294392
2.67563016811328	0.141270261807266	0.53485686644651	0.0123990477001775	0.00101866443138909	0.999922609974844
-1.46996042751917	0.19079879270619	0.289005642904935	-0.0200509914035618	0.0980529848898983	0.994979180635412
2.47196907012915	0.710144758061757	0.49510074220985	0.0017212171042238	-0.0107887392410028	0.999940318477693
-2.86592757203585	-0.515006453161192	0.401136632602408	0.148866430521985	-0.700360537225134	0.698093048068353
-1.62289386320473	1.07394063986413	0.318800772692733	0.00946314290572883	-0.0552340520558497	0.998428589544509
2.55295031227037	1.00359561802697	0.506412152308085	0.301204987108019	0.0585918867267983	0.951757609137459
-1.2268590301753	0.219958086804051	0.292272649101591	-0.0358791229564091	0.171781325598178	0.984481520756795
-0.144749554852924	0.0323792239662591	0.593470958921223	0.110200184352182	0.362427836523161	0.925473923285733
-1.16159655947519	1.01242856126935	0.345082883578896	0.0908317962555843	0.00908380089626316	0.995824818605291
-0.193205245459004	0.195828103804765	0.348789300083537	-0.0305184328564245	0.412699131815613	-0.910356002811333
-1.09836959975382	-1.04312829855846	0.287908560114711	-0.0077512798978127	0.032957519249423	0.999426695453383
-1.86120882239335	0.895216218416561	0.349242945997425	-0.0867849318742858	-0.0681516384324651	0.993893218499123
-0.757740601262526	-0.382474416659814	0.424616114598946	0.0868870077057393	-0.39843818109631	0.913070459349445
-0.767070110514667	-1.73318188073814	0.363722850500752	0.0882792894970508	0.0192871896743087	0.995909017611731
-0.410352875729997	0.234989942146367	0.347491006216491	0.0429531355653047	0.242366552786428	0.969233450844291
-2.45222896532382	-0.519129538054529	0.266727351019403	-0.587502188631393	-0.118353102706575	-0.800520906306044
-0.0460261133642631	-0.190008246521149	0.493361375493485	0.12410755101495	-0.731895622692329	0.670019487227707
-1.63135245446791	1.46870657759119	0.378331905726538	0.0444365559361763	-0.0216516169337399	0.998777552801767
-0.995340987662459	-1.8906855079981	0.335169794111708	-0.0188011910378188	0.0604308544109388	0.997995304122581
2.7426619710282	0.100177501514684	0.514092960759487	0.98700226324736	0.160706352232626	-2.63945568635456e-05
-0.445152423234324	-0.485387035994201	0.316404012027184	-0.00545176615034773	-0.171900514601893	0.985099229177166
2.51476915379318	0.49944448959907	0.539370507568762	0.0207673106853659	-0.0304015599246933	0.999322002139972
-0.574557480989688	-0.634374779164174	0.290929940914652	-0.0256103447385455	-0.0953149694898076	0.995117664818352
2.28016419789005	0.216679141006824	0.540783239372403	0.015025337079986	-0.000589016849744623	0.999886939761083
-1.92450233193947	1.55876847864805	0.377214926130143	-0.0246549669266448	0.0555105713176178	0.998153650034822
-0.650938820621307	0.495980692039281	0.293019491031306	-0.0293427514382223	-0.0598497987834397	0.997776029238835
2.10678370340001	0.513928010840013	0.44094353932294	-0.058714575407146	0.592271869448519	-0.803596062269294
-2.68127680906962	-0.729990128534299	0.455013937022384	0.199671597511127	-0.939380004475316	0.278740847992019
-0.719503448291016	-2.00428707267061	0.366179948396471	0.0767467257281707	0.0139416248672792	0.996953143927068
-2.19497308247597	-0.510546470004386	0.542831242084421	0.0280827596933619	-0.132118834165488	0.990835996654722
1.8492705198024	0.499377974401386	0.534889752365068	-0.0485829201349498	0.195044143316807	0.979590466485344
-1.42102799455227	-1.17942239799766	0.332543206225106	-0.132551648961581	-0.0136909754955115	0.991081539303173
2.31557730089483	1.20202878903789	0.535130845906066	0.0112795769037549	0.0128432456546904	0.999853900420419
-1.3330230115454	-0.594625964535245	0.385191545623468	0.0356851080467496	-0.187829097277414	0.981553260541497
-1.8260344120767	0.545402286956193	0.32701340825346	-0.189344031928253	0.00706395712474916	-0.981885399668868
2.1599007114062	0.738849197445447	0.497749338962281	0.0745891608504985	-0.0252126872788584	0.996895569999083
-0.628931447880017	0.448390982294264	0.292649028793755	-0.0621641694891744	0.0766570900090525	0.995117735035943
-0.83954763180997	-0.890076784119716	0.284481208759061	-0.00674800680891874	0.035481685984372	0.999347544332708
0.470325622669673	0.196793126369382	0.52477024947851	-0.0918305923354749	0.417444344330549	0.904050530500234
-0.542137674346757	0.0828491368319071	0.480643694020685	0.139004282234633	-0.652261542845756	0.745139375717663
-1.03760701143236	0.358048571711822	0.339613256756483	-0.0129935422184352	0.130153414916698	0.991408723204582
-1.14768452968941	-0.0065176060201979	0.334666919333713	-0.035836113188557	0.17172112873372	0.984493589079154
-0.951153777837846	-1.29839590589889	0.354130754869123	-0.0132093743108067	0.0365476118892946	0.999244606938415
0.998675238885138	0.229718614546607	0.351126898997814	-0.027985527176488	-0.137330944743735	0.99012980052337
-2.90270635674812	-0.634559934967144	0.397594018948878	0.0421572477564527	0.146693340524165	0.988283274323441
0.406067165203484	-0.0235336800307127	0.347874462769511	0.0408721199803236	-0.284479663790852	0.95781041479917
-1.57978308731593	-0.126361738528366	0.485881937041766	-0.0352334620275287	0.720596837017842	0.692458519792656
-0.824252501751055	-2.01756711584929	0.34606164963254	-0.0223313540867554	0.0615263299776217	0.997855611470987
2.13995499250484	0.25927177531867	0.538227786263081	-0.0779682262302362	-0.076217875556348	0.994038123586911
-2.11587727700052	-0.64563222722133	0.45666960835064	-0.0896334248015823	0.241951415857002	0.966139411018478
-2.79783587367367	-0.626355988860249	0.331554386794003	-0.028083842745523	0.132118575928174	0.990836000391264
-1.14385441265454	-0.215601706210572	0.291087631975159	-0.5891817873414	-0.117993555102881	0.799338690680851
